-0.000428629  -0.000809198  -0.000180515  0.00663803  0.0300794  0.137699  
-0.0007446  -0.000912124  0.000206495  -0.0390222  0.0826593  0.140092  
-0.000586649  -0.00042768  -0.000297809  0.0307501  0.0822442  0.104524  
5.8962e-05  -0.000946816  -0.000468446  0.0333719  0.00878417  0.125194  
-0.000428629  -0.000804145  0.000112878  -0.0294767  0.100996  0.123377  
-0.00135716  -0.000206821  -0.000610187  0.0292619  0.194667  0.135548  
-0.000254764  -0.00047865  -0.000455558  0.032144  0.0570483  0.152038  
-0.00034268  -0.000278673  -0.000428325  0.006154  0.0678398  0.152497  
-0.000254764  -0.000163303  0  -0.0505552  0.129628  0.130234  
-0.000351349  -0.000349667  -0.000554823  0.0497593  0.0910363  0.109755  
0.000270412  -0.000770229  -0.000585793  0.0284575  -0.00951109  0.129622  
-0.000254764  -0.000342623  -0.000444673  -0.0297257  0.116504  0.140108  
-1.77795e-05  -0.000342623  -0.000414426  0.0452428  0.130311  0.159691  
-0.000139818  -0.000818534  0.000130144  -0.0314657  0.118479  0.165777  
-1.33848e-05  -0.000665061  -7.57375e-06  0.0141115  0.0955198  0.141896  
-8.66926e-05  -0.000169306  -7.57375e-06  -0.00594987  0.114303  0.133036  
-0.00068019  -0.000853665  -7.57375e-06  -0.0332902  0.130249  0.136288  
-0.000151056  -0.000455398  -0.000439582  0.0427096  0.123203  0.120391  
0.000354598  -1.76841e-06  -0.000380306  0.006597  0.0126502  0.139448  
-0.000488979  -0.000846016  -7.57375e-06  -0.0246875  0.0982458  0.101853  
8.9118e-05  0.000330236  -0.000418439  -0.00682827  0.0750836  0.114633  
3.26744e-05  -0.000301201  -7.57375e-06  -0.0209361  0.0538663  0.122686  
-0.000926821  0.00051384  -0.000318566  0.00531282  0.147166  0.0711585  
9.9817e-06  0.000693994  -0.000133952  -0.0251124  0.00024822  0.105336  
-0.000353782  -4.27417e-05  0.000158124  -0.0402622  0.0807623  0.11085  
-5.26083e-05  0.00016656  4.47433e-05  -0.0017004  0.0107973  -0.0041863  
0.000216729  0.000439603  -0.000135661  0.0248044  -0.00441803  0.104256  
-0.000353782  0.000507531  4.47433e-05  -0.0595648  0.0936247  0.0975706  
-0.000353782  9.81885e-05  -0.000446121  0.0130593  0.126976  0.118928  
-3.17749e-05  -0.000242087  0.000147309  -0.0403293  0.0473758  0.126216  
-0.000680304  0.000507531  -0.000206598  -0.0519579  0.158391  0.112286  
0.000139601  -4.34322e-05  -0.000444879  0.0216982  0.0465384  0.10444  
8.64988e-05  0.000512752  -4.4214e-05  -0.0572686  0.110768  0.133263  
-0.000488145  0.000567121  -0.000599844  0.012163  0.140758  0.122033  
-7.30189e-05  0.000526604  -0.000492788  -0.0173607  0.0761075  0.131539  
-1.20778e-05  0.000475866  -4.4214e-05  -0.0897431  0.138457  0.136532  
4.54611e-05  0.000864937  -0.000959613  -0.0187684  0.111327  0.131376  
0.000627048  0.00016548  -0.000272457  -0.0141333  0.0274067  0.142193  
-0.000287187  0.000818204  -0.000687148  -0.0492208  0.213062  0.150321  
0.000246795  0.000771488  -0.000685304  0.00976917  0.0956224  0.159421  
0.000230983  0.000280537  -0.000367198  -0.029473  0.0909967  0.178904  
0.000113733  0.0010156  -0.000846714  -0.0121459  0.116134  0.130136  
0.000742096  0.000803303  -0.000745673  -0.023929  0.0390269  0.159266  
-0.000132041  0.00130466  -0.000357465  -0.0715862  0.121441  0.133494  
0.000127753  0.000992993  -0.000797053  0.00316601  0.0975294  0.159432  
7.62672e-05  0.000869692  -0.000288426  -0.0695735  0.101963  0.159443  
0.00058881  0.00117864  -0.000868205  -0.023742  0.00774021  0.141961  
0.000918353  -0.000183324  -0.000243666  -0.0486466  0.0578834  0.193963  
0.000757677  0.000629976  -0.00100854  0.000343847  0.0531855  0.11296  
0.000580303  0.000103658  -0.00117466  -0.0414439  0.107459  0.159731  
